3
10 1
-0.0199249
-0.0439677
   0.47742
 -0.331393
  0.310036
 -0.336952
 0.0289557
  0.286354
 0.0330589
-0.0406623
2 10
  0.546454    1.22658   0.206062  -0.437057   0.684374  -0.275127     -1.156   0.311875   -1.68162    1.57186
 -0.598667   -1.85923  -0.112809   0.179099   0.212432 0.00599943    1.20607   0.127563   0.974084   -1.48985
10 1
-0.734151
  2.48092
  1.32511
-0.226186
 0.400463
 0.673645
-0.863956
-0.122363
 -1.35816
  2.15799
2 1
-0.473532
-0.294243
